name: strainline
channels:
  - bioconda
  - conda-forge
  - defaults
dependencies:
  - _libgcc_mutex=0.1=conda_forge
  - _openmp_mutex=4.5=2_gnu
  - bzip2=1.0.8=h7f98852_4
  - c-ares=1.20.1=hd590300_1
  - ca-certificates=2023.7.22=hbcca054_0
  - daligner=1.0.20230620=h031d066_0
  - dazz_db=1.0=0
  - htslib=1.18=h81da01d_0
  - k8=0.2.5=hdcf5f25_4
  - keyutils=1.6.1=h166bdaf_0
  - krb5=1.21.2=h659d440_0
  - ld_impl_linux-64=2.40=h41732ed_0
  - libcurl=8.4.0=hca28451_0
  - libdeflate=1.19=hd590300_0
  - libedit=3.1.20191231=he28a2e2_2
  - libev=4.33=h516909a_1
  - libffi=3.4.2=h7f98852_5
  - libgcc=7.2.0=h69d50b8_2
  - libgcc-ng=13.2.0=h807b86a_2
  - libgomp=13.2.0=h807b86a_2
  - libnghttp2=1.55.1=h47da74e_0
  - libnsl=2.0.1=hd590300_0
  - libsqlite=3.43.2=h2797004_0
  - libssh2=1.11.0=h0841786_0
  - libstdcxx-ng=13.2.0=h7e041cc_2
  - libuuid=2.38.1=h0b41bf4_0
  - libzlib=1.2.13=hd590300_5
  - metabat2=2.15=h986a166_1
  - minimap2=2.26=he4a0461_2
  - ncurses=6.4=h59595ed_2
  - openssl=3.1.4=hd590300_0
  - perl=5.32.1=4_hd590300_perl5
  - pip=23.3.1=pyhd8ed1ab_0
  - python=3.10.13=hd12c33a_0_cpython
  - readline=8.2=h8228510_1
  - samtools=1.18=h50ea8bc_1
  - setuptools=68.2.2=pyhd8ed1ab_0
  - spoa=4.1.3=hdcf5f25_0
  - tk=8.6.13=h2797004_0
  - tzdata=2023c=h71feb2d_0
  - wheel=0.41.3=pyhd8ed1ab_0
  - xz=5.2.6=h166bdaf_0
  - zlib=1.2.13=hd590300_5
  - zstd=1.5.5=hfc55251_0
prefix: /home/wenhai/miniconda3/envs/strainline
